01 14 03 13 04 12 06 11 08 16 15 24 22 25 21 27 20 29 18 30
02 05 07 09 10 17 19 23 26 28 31

01 02 03 04 05 06 10 11 12 13 14 15
08 16 18 20 21 22 24 25 27 29 30
07 09 17 19 23 26 28 31
02 05 10

01 02 03 07 08 09 13 14 15 23 24 25
04 06 11 12 16 18 20 21 22 27 29 30
05 10 17 19 26 28 31
02 07 09 23

01 02 03 13 14 15 20 21 22 26 27 28
04 06 08 11 12 16 18 24 25 29 30
05 07 09 10 17 19 23 31
02 26 28

01 02 03 13 14 15 17 18 19 29 30 31
04 06 08 11 12 16 20 21 22 24 25 27
05 07 09 10 23 26 28
02 17 19 31

04 05 06 07 08 09 10 11 12 23 24 25
01 03 13 14 15 16 18 20 21 22 27 29 30
02 17 19 26 28 31
05 07 09 10 23

04 05 06 10 11 12 20 21 22 26 27 28
01 03 08 13 14 15 16 18 24 25 29 30
02 07 09 17 19 23 31
05 10 26 28

04 05 06 10 11 12 17 18 19 29 30 31
01 03 08 13 14 15 16 20 21 22 24 25 27
02 07 09 23 26 28
05 10 17 19 31

07 08 09 20 21 22 23 24 25 26 27 28
01 03 04 06 11 12 13 14 15 16 18 29 30
02 05 10 17 19 31
07 09 23 26 28

07 08 09 17 18 19 23 24 25 29 30 31
01 03 04 06 11 12 13 14 15 16 20 21 22 27
02 05 10 26 28
07 09 17 19 23 31

17 18 19 20 21 22 26 27 28 29 30 31
01 03 04 06 08 11 12 13 14 15 16 24 25
02 05 07 09 10 23
17 19 26 28 31

01 06 21
10 15 27
02 07 20
09 14 28
03 08 19
13 24 29
04 18 23
12 25 30
05 17 22
11 26 31

02 14 03 13 05 11 07 10 08 16 15 24 22 26 20 28 18 29 17 31
01 04 06 09 12 19 21 23 25 27 30

01 02 03 04 05 06 10 11 12 13 14 15
07 08 16 17 18 20 22 24 26 28 29 31
09 19 21 23 25 27 30
01 04 06 12

01 02 03 07 08 09 13 14 15 23 24 25
05 10 11 16 17 18 20 22 26 28 29 31
04 06 12 19 21 27 30
01 09 23 25

01 02 03 13 14 15 20 21 22 26 27 28
05 07 08 10 11 16 17 18 24 29 31
04 06 09 12 19 23 25 30
01 21 27

01 02 03 13 14 15 17 18 19 29 30 31
05 07 08 10 11 16 20 22 24 26 28
04 06 09 12 21 23 25 27
01 19 30

04 05 06 07 08 09 10 11 12 23 24 25
02 03 13 14 15 16 17 18 20 22 26 28 29 31
01 19 21 27 30
04 06 09 12 23 25

04 05 06 10 11 12 20 21 22 26 27 28
02 03 07 08 13 14 15 16 17 18 24 29 31
01 09 19 23 25 30
04 06 12 21 27

04 05 06 10 11 12 17 18 19 29 30 31
02 03 07 08 13 14 15 16 20 22 24 26 28
01 09 21 23 25 27
04 06 12 19 30

07 08 09 20 21 22 23 24 25 26 27 28
02 03 05 10 11 13 14 15 16 17 18 29 31
01 04 06 12 19 30
09 21 23 25 27

07 08 09 17 18 19 23 24 25 29 30 31
02 03 05 10 11 13 14 15 16 20 22 26 28
01 04 06 12 21 27
09 19 23 25 30

17 18 19 20 21 22 26 27 28 29 30 31
02 03 05 07 08 10 11 13 14 15 16 24
01 04 06 09 12 23 25
19 21 27 30

01 06 21
10 15 27
02 07 20
09 14 28
03 08 19
13 24 29
04 18 23
12 25 30
05 17 22
11 26 31

02 14 04 13 06 11 07 10 08 16 15 25 22 27 19 28 18 29 17 30
01 03 05 09 12 20 21 23 24 26 31

01 02 03 04 05 06 10 11 12 13 14 15
07 08 16 17 18 19 22 25 27 28 29 30
09 20 21 23 24 26 31
01 03 05 12

01 02 03 07 08 09 13 14 15 23 24 25
04 06 10 11 16 17 18 19 22 27 28 29 30
05 12 20 21 26 31
01 03 09 23 24

01 02 03 13 14 15 20 21 22 26 27 28
04 06 07 08 10 11 16 17 18 19 25 29 30
05 09 12 23 24 31
01 03 20 21 26

01 02 03 13 14 15 17 18 19 29 30 31
04 06 07 08 10 11 16 22 25 27 28
05 09 12 20 21 23 24 26
01 03 31

04 05 06 07 08 09 10 11 12 23 24 25
02 13 14 15 16 17 18 19 22 27 28 29 30
01 03 20 21 26 31
05 09 12 23 24

04 05 06 10 11 12 20 21 22 26 27 28
02 07 08 13 14 15 16 17 18 19 25 29 30
01 03 09 23 24 31
05 12 20 21 26

04 05 06 10 11 12 17 18 19 29 30 31
02 07 08 13 14 15 16 22 25 27 28
01 03 09 20 21 23 24 26
05 12 31

07 08 09 20 21 22 23 24 25 26 27 28
02 04 06 10 11 13 14 15 16 17 18 19 29 30
01 03 05 12 31
09 20 21 23 24 26

07 08 09 17 18 19 23 24 25 29 30 31
02 04 06 10 11 13 14 15 16 22 27 28
01 03 05 12 20 21 26
09 23 24 31

17 18 19 20 21 22 26 27 28 29 30 31
02 04 06 07 08 10 11 13 14 15 16 25
01 03 05 09 12 23 24
20 21 26 31

01 06 21
10 15 27
02 07 20
09 14 28
03 08 19
13 24 29
04 18 23
12 25 30
05 17 22
11 26 31

02 14 03 13 04 12 07 11 08 16 15 24 22 25 21 28 20 29 17 30
01 05 06 09 10 18 19 23 26 27 31

01 02 03 04 05 06 10 11 12 13 14 15
07 08 16 17 20 21 22 24 25 28 29 30
09 18 19 23 26 27 31
01 05 06 10

01 02 03 07 08 09 13 14 15 23 24 25
04 11 12 16 17 20 21 22 28 29 30
05 06 07 10 18 19 26 27 31
01 09 23

01 02 03 13 14 15 20 21 22 26 27 28
04 07 08 11 12 16 17 24 25 29 30
05 06 09 10 18 19 23 31
01 26 27

01 02 03 13 14 15 17 18 19 29 30 31
04 07 08 11 12 16 20 21 22 24 25 28
05 06 09 10 23 26 27
01 18 19 31

04 05 06 07 08 09 10 11 12 23 24 25
02 03 13 14 15 16 17 20 21 22 28 29 30
01 18 19 26 27 31
05 06 09 10 23

04 05 06 10 11 12 20 21 22 26 27 28
02 03 07 08 13 14 15 16 17 24 25 29 30
01 09 18 19 23 31
05 06 10 26 27

04 05 06 10 11 12 17 18 19 29 30 31
02 03 07 08 13 14 15 16 20 21 22 24 25 28
01 09 23 26 27
05 06 10 18 19 31

07 08 09 20 21 22 23 24 25 26 27 28
02 03 04 11 12 13 14 15 16 17 29 30
01 05 06 10 18 19 31
09 23 26 27

07 08 09 17 18 19 23 24 25 29 30 31
02 03 04 11 12 13 14 15 16 20 21 22 28
01 05 06 10 26 27
09 18 19 23 31

17 18 19 20 21 22 26 27 28 29 30 31
02 03 04 07 08 11 12 13 14 15 16 24 25
01 05 06 09 10 23
18 19 26 27 31

01 06 21
10 15 27
02 07 20
09 14 28
03 08 19
13 24 29
04 18 23
12 25 30
05 17 22
11 26 31

01 14 06 13 08 12 09 11 10 16 15 23 22 24 20 25 18 26 17 31
02 03 04 05 07 19 21 27 28 29 30

01 02 03 04 05 06 10 11 12 13 14 15
08 09 16 17 18 20 22 23 24 25 26 31
07 19 21 27 28 29 30
02 03 04 05

01 02 03 07 08 09 13 14 15 23 24 25
06 10 11 12 16 17 18 20 22 26 31
04 05 19 21 27 28 29 30
02 03 07

01 02 03 13 14 15 20 21 22 26 27 28
06 08 09 10 11 12 16 17 18 23 24 25 31
04 05 07 19 29 30
02 03 21 27 28

01 02 03 13 14 15 17 18 19 29 30 31
06 08 09 10 11 12 16 20 22 23 24 25 26
04 05 07 21 27 28
02 03 19 29 30

04 05 06 07 08 09 10 11 12 23 24 25
01 13 14 15 16 17 18 20 22 26 31
02 03 19 21 27 28 29 30
04 05 07

04 05 06 10 11 12 20 21 22 26 27 28
01 08 09 13 14 15 16 17 18 23 24 25 31
02 03 07 19 29 30
04 05 21 27 28

04 05 06 10 11 12 17 18 19 29 30 31
01 08 09 13 14 15 16 20 22 23 24 25 26
02 03 07 21 27 28
04 05 19 29 30

07 08 09 20 21 22 23 24 25 26 27 28
01 06 10 11 12 13 14 15 16 17 18 31
02 03 04 05 19 29 30
07 21 27 28

07 08 09 17 18 19 23 24 25 29 30 31
01 06 10 11 12 13 14 15 16 20 22 26
02 03 04 05 21 27 28
07 19 29 30

17 18 19 20 21 22 26 27 28 29 30 31
01 06 08 09 10 11 12 13 14 15 16 23 24 25
02 03 04 05 07
19 21 27 28 29 30

01 06 21
10 15 27
02 07 20
09 14 28
03 08 19
13 24 29
04 18 23
12 25 30
05 17 22
11 26 31

01 13 02 12 03 11 08 10 09 18 14 23 22 24 21 29 20 30 19 31
04 05 06 07 15 16 17 25 26 27 28

01 02 03 04 05 06 10 11 12 13 14 15
08 09 18 19 20 21 22 23 24 29 30 31
07 16 17 25 26 27 28
04 05 06 15

01 02 03 07 08 09 13 14 15 23 24 25
10 11 12 18 19 20 21 22 29 30 31
04 05 06 16 17 26 27 28
07 15 25

01 02 03 13 14 15 20 21 22 26 27 28
08 09 10 11 12 18 19 23 24 29 30 31
04 05 06 07 16 17 25
15 26 27 28

01 02 03 13 14 15 17 18 19 29 30 31
08 09 10 11 12 20 21 22 23 24
04 05 06 07 16 25 26 27 28
15 17

04 05 06 07 08 09 10 11 12 23 24 25
01 02 03 13 14 18 19 20 21 22 29 30 31
15 16 17 26 27 28
04 05 06 07 25

04 05 06 10 11 12 20 21 22 26 27 28
01 02 03 08 09 13 14 18 19 23 24 29 30 31
07 15 16 17 25
04 05 06 26 27 28

04 05 06 10 11 12 17 18 19 29 30 31
01 02 03 08 09 13 14 20 21 22 23 24
07 15 16 25 26 27 28
04 05 06 17

07 08 09 20 21 22 23 24 25 26 27 28
01 02 03 10 11 12 13 14 18 19 29 30 31
04 05 06 15 16 17
07 25 26 27 28

07 08 09 17 18 19 23 24 25 29 30 31
01 02 03 10 11 12 13 14 20 21 22
04 05 06 15 16 26 27 28
07 17 25

17 18 19 20 21 22 26 27 28 29 30 31
01 02 03 08 09 10 11 12 13 14 23 24
04 05 06 07 15 16 25
17 26 27 28

01 06 21
10 15 27
02 07 20
09 14 28
03 08 19
13 24 29
04 18 23
12 25 30
05 17 22
11 26 31


